0 9856
0 9632
0 9408
0 9184
0 8960
0 8736
0 8512
0 8288
0 8064
0 7840
0 7616
0 7392
0 7168
0 6944
0 6720
0 6496
0 6272
0 6048
0 5824
0 5600
0 5376
0 5152
0 4928
0 4704
0 4480
0 4256
0 4032
0 3808
0 3584
0 3360
0 3136
0 2912
0 2688
0 2464
0 2240
0 2016
0 1792
0 1568
0 1344
0 1120
0 896
0 672
0 448
0 224
0 -224
0 -448
0 -672
0 -896
0 -1120
0 -1344
0 -1568
0 -1792
0 -2016
0 -2240
0 -2464
0 -2688
0 -2912
0 -3136
0 -3360
0 -3584
0 -3808
0 -4032
0 -4256
0 -4480
0 -4704
0 -4928
0 -5152
0 -5376
0 -5600
0 -5824
0 -6048
0 -6272
0 -6496
0 -6720
0 -6944
0 -7168
0 -7392
0 -7616
0 -7840
0 -8064
0 -8288
0 -8512
0 -8736
0 -8960
0 -9184
0 -9408
0 -9632
0 -9856
