0 4928 -4928
0 4704 -4704
0 4480 -4480
0 4256 -4256
0 4032 -4032
0 3808 -3808
0 3584 -3584
0 3360 -3360
0 3136 -3136
0 2912 -2912
0 2688 -2688
0 2464 -2464
0 2240 -2240
0 2016 -2016
0 1792 -1792
0 1568 -1568
0 1344 -1344
0 1120 -1120
0 896 -896
0 672 -672
0 448 -448
0 224 -224
0 -224 224
0 -448 448
0 -672 672
0 -896 896
0 -1120 1120
0 -1344 1344
0 -1568 1568
0 -1792 1792
0 -2016 2016
0 -2240 2240
0 -2464 2464
0 -2688 2688
0 -2912 2912
0 -3136 3136
0 -3360 3360
0 -3584 3584
0 -3808 3808
0 -4032 4032
0 -4256 4256
0 -4480 4480
0 -4704 4704
0 -4928 4928
